"Position":{"Rotation":[[0.29003,0.09989,-0.95179],[-0.34292,0.93935,-0.00591],[0.89347,0.32810,0.30669]],"Translation":[0.2994346618652344,-0.07074493914842606,0.41519659757614138]}
"Position":{"Rotation":[[-0.23970,-0.11488,-0.96403],[-0.39949,0.91669,-0.00991],[0.88485,0.38274,-0.26563]],"Translation":[0.1669435203075409,-0.08433538675308228,0.4104032516479492]}
"Position":{"Rotation":[[-0.28658,-0.03924,-0.95725],[-0.21585,0.97612,0.02460],[0.93343,0.21367,-0.28820]],"Translation":[-0.011675864458084107,-0.03040105104446411,0.5240768194198608]}
"Position":{"Rotation":[[-0.53941,-0.19113,-0.82006],[-0.35298,0.93552,0.01414],[0.76449,0.29709,-0.57210]],"Translation":[-0.1897825449705124,-0.06480395793914795,0.48314329981803896]}